trip_id,arrival_time,departure_time,stop_id,stop_sequence,stop_headsign,pickup_type,drop_off_type,shape_dist_traveled,timepoint
1532,,,RG400,2,,3,3,0,0
1532,,,RG404,5,,3,3,0,0
1532,05:30:00,05:30:00,RG242,0,,3,3,0,1
1532,,,RG408,8,,3,3,0,0
1532,,,RG410,10,,3,3,0,0
1532,,,RG411,11,,3,3,0,0
1532,,,RG412,12,,3,3,0,0
1532,,,RG374,1,,3,3,0,0
1532,,,RG413,13,,3,3,0,0
1532,,,RG401,3,,3,3,0,0
1532,,,RG403,4,,3,3,0,0
1532,,,RG405,6,,3,3,0,0
1532,,,RG406,7,,3,3,0,0
1532,,,RG409,9,,3,3,0,0
1532,,,RG415,14,,3,3,0,0
1529,,,RG010,7,,3,3,0,0
1529,,,RG022,19,,3,3,0,0
1529,,,RG062,57,,3,3,0,0
1529,,,RG103,62,,3,3,0,0
1529,,,RG019,16,,3,3,0,0
1529,,,RG117,76,,3,3,0,0
1529,,,RG029,25,,3,3,0,0
1529,,,RG031,27,,3,3,0,0
1529,,,RG112,71,,3,3,0,0
1529,,,RG046,41,,3,3,0,0
1529,,,RG063,58,,3,3,0,0
1529,,,RG116,75,,3,3,0,0
1529,,,RG014,11,,3,3,0,0
1529,,,RG030,26,,3,3,0,0
1529,,,RG033,29,,3,3,0,0
1529,,,RG119,78,,3,3,0,0
1529,,,RG500,103,,3,3,0,0
1529,,,RG111,70,,3,3,0,0
1529,,,RG109,68,,3,3,0,0
1529,,,RG127,86,,3,3,0,0
1529,,,RG038,34,,3,3,0,0
1529,,,RG045,40,,3,3,0,0
1529,,,RG129,88,,3,3,0,0
1529,,,RG007,6,,3,3,0,0
1529,,,RG025,22,,3,3,0,0
1529,,,RG125,84,,3,3,0,0
1529,,,RG141,99,,3,3,0,0
1529,,,RG136,95,,3,3,0,0
1529,,,RG013,10,,3,3,0,0
1529,,,RG017,14,,3,3,0,0
1529,,,RG039,35,,3,3,0,0
1529,,,RG504,108,,3,3,0,0
1529,,,RG002,1,,3,3,0,0
1529,,,RG020,17,,3,3,0,0
1529,,,RG052,47,,3,3,0,0
1529,,,RG054,49,,3,3,0,0
1529,,,RG115,74,,3,3,0,0
1529,,,RG048,43,,3,3,0,0
1529,,,RG120,79,,3,3,0,0
1529,,,RG131,90,,3,3,0,0
1529,,,RG015,12,,3,3,0,0
1529,,,RG018,15,,3,3,0,0
1529,,,RG047,42,,3,3,0,0
1529,,,RG050,45,,3,3,0,0
1529,,,RG101,60,,3,3,0,0
1529,,,RG102,61,,3,3,0,0
1529,,,RG108,67,,3,3,0,0
1529,,,RG501,104,,3,3,0,0
1529,,,RG107,66,,3,3,0,0
1529,,,RG110,69,,3,3,0,0
1529,,,RG144,102,,3,3,0,0
1529,,,RG060,55,,3,3,0,0
1529,,,RG130,89,,3,3,0,0
1529,,,RG059,54,,3,3,0,0
1529,,,RG005,4,,3,3,0,0
1529,,,RG028,24,,3,3,0,0
1529,,,RG035,31,,3,3,0,0
1529,,,RG049,44,,3,3,0,0
1529,,,RG037,33,,3,3,0,0
1529,,,RG055,50,,3,3,0,0
1529,,,RG056,51,,3,3,0,0
1529,,,RG133,92,,3,3,0,0
1529,,,RG134,93,,3,3,0,0
1529,05:30:00,05:30:00,RG001,0,,3,3,0,1
1529,,,RG032,28,,3,3,0,0
1529,,,RG051,46,,3,3,0,0
1529,,,RG104,63,,3,3,0,0
1529,,,RG003,2,,3,3,0,0
1529,,,RG053,48,,3,3,0,0
1529,,,RG139,97,,3,3,0,0
1529,,,RG024,21,,3,3,0,0
1529,,,RG057,52,,3,3,0,0
1529,,,RG124,83,,3,3,0,0
1529,,,RG502,105,,3,3,0,0
1529,,,RG058,53,,3,3,0,0
1529,,,RG122,81,,3,3,0,0
1529,,,RG126,85,,3,3,0,0
1529,,,RG143,101,,3,3,0,0
1529,,,RG128,87,,3,3,0,0
1529,,,RG023,20,,3,3,0,0
1529,,,RG041,37,,3,3,0,0
1529,,,RG061,56,,3,3,0,0
1529,,,RG137,96,,3,3,0,0
1529,,,RG132,91,,3,3,0,0
1529,,,RG140,98,,3,3,0,0
1529,,,RG142,100,,3,3,0,0
1529,,,RG505,107,,3,3,0,0
1529,,,RG006,5,,3,3,0,0
1529,,,RG011,8,,3,3,0,0
1529,,,RG043,39,,3,3,0,0
1529,,,RG106,65,,3,3,0,0
1529,,,RG021,18,,3,3,0,0
1529,,,RG113,72,,3,3,0,0
1529,,,RG503,106,,3,3,0,0
1529,,,RG042,38,,3,3,0,0
1529,,,RG100,59,,3,3,0,0
1529,,,RG114,73,,3,3,0,0
1529,,,RG123,82,,3,3,0,0
1529,,,RG135,94,,3,3,0,0
1529,,,RG012,9,,3,3,0,0
1529,,,RG016,13,,3,3,0,0
1529,,,RG036,32,,3,3,0,0
1529,,,RG040,36,,3,3,0,0
1529,,,RG118,77,,3,3,0,0
1529,,,RG004,3,,3,3,0,0
1529,,,RG027,23,,3,3,0,0
1529,,,RG034,30,,3,3,0,0
1529,,,RG105,64,,3,3,0,0
1529,,,RG121,80,,3,3,0,0
1530,,,RG328,40,,3,3,0,0
1530,,,RG381,73,,3,3,0,0
1530,,,RG322,34,,3,3,0,0
1530,,,RG363,61,,3,3,0,0
1530,,,RG375,68,,3,3,0,0
1530,,,RG379,71,,3,3,0,0
1530,,,RG351,52,,3,3,0,0
1530,,,RG258,18,,3,3,0,0
1530,,,RG259,19,,3,3,0,0
1530,,,RG302,23,,3,3,0,0
1530,,,RG320,32,,3,3,0,0
1530,,,RG323,35,,3,3,0,0
1530,,,RG324,36,,3,3,0,0
1530,,,RG033,1,,3,3,0,0
1530,,,RG035,3,,3,3,0,0
1530,,,RG120,13,,3,3,0,0
1530,,,RG338,48,,3,3,0,0
1530,05:30:00,05:30:00,RG032,0,,3,3,0,1
1530,,,RG232,15,,3,3,0,0
1530,,,RG370,63,,3,3,0,0
1530,,,RG116,9,,3,3,0,0
1530,,,RG260,20,,3,3,0,0
1530,,,RG300,21,,3,3,0,0
1530,,,RG371,64,,3,3,0,0
1530,,,RG356,55,,3,3,0,0
1530,,,RG361,60,,3,3,0,0
1530,,,RG117,10,,3,3,0,0
1530,,,RG231,14,,3,3,0,0
1530,,,RG305,25,,3,3,0,0
1530,,,RG308,28,,3,3,0,0
1530,,,RG327,39,,3,3,0,0
1530,,,RG332,44,,3,3,0,0
1530,,,RG118,11,,3,3,0,0
1530,,,RG334,45,,3,3,0,0
1530,,,RG336,46,,3,3,0,0
1530,,,RG374,67,,3,3,0,0
1530,,,RG034,2,,3,3,0,0
1530,,,RG311,31,,3,3,0,0
1530,,,RG325,37,,3,3,0,0
1530,,,RG331,43,,3,3,0,0
1530,,,RG357,56,,3,3,0,0
1530,,,RG377,70,,3,3,0,0
1530,,,RG243,17,,3,3,0,0
1530,,,RG329,41,,3,3,0,0
1530,,,RG340,49,,3,3,0,0
1530,,,RG350,51,,3,3,0,0
1530,,,RG373,66,,3,3,0,0
1530,,,RG036,4,,3,3,0,0
1530,,,RG115,8,,3,3,0,0
1530,,,RG301,22,,3,3,0,0
1530,,,RG321,33,,3,3,0,0
1530,,,RG364,62,,3,3,0,0
1530,,,RG380,72,,3,3,0,0
1530,,,RG387,77,,3,3,0,0
1530,,,RG119,12,,3,3,0,0
1530,,,RG304,24,,3,3,0,0
1530,,,RG306,26,,3,3,0,0
1530,,,RG353,53,,3,3,0,0
1530,,,RG358,57,,3,3,0,0
1530,,,RG359,58,,3,3,0,0
1530,,,RG039,7,,3,3,0,0
1530,,,RG310,30,,3,3,0,0
1530,,,RG337,47,,3,3,0,0
1530,,,RG037,5,,3,3,0,0
1530,,,RG307,27,,3,3,0,0
1530,,,RG360,59,,3,3,0,0
1530,,,RG383,74,,3,3,0,0
1530,,,RG385,75,,3,3,0,0
1530,,,RG386,76,,3,3,0,0
1530,,,RG309,29,,3,3,0,0
1530,,,RG330,42,,3,3,0,0
1530,,,RG341,50,,3,3,0,0
1530,,,RG355,54,,3,3,0,0
1530,,,RG372,65,,3,3,0,0
1530,,,RG376,69,,3,3,0,0
1530,,,RG038,6,,3,3,0,0
1530,,,RG242,16,,3,3,0,0
1530,,,RG326,38,,3,3,0,0
1531,05:30:00,05:30:00,RG031,0,,3,3,0,1
1531,,,RG222,37,,3,3,0,0
1531,,,RG239,45,,3,3,0,0
1531,,,RG256,62,,3,3,0,0
1531,,,RG271,68,,3,3,0,0
1531,,,RG037,6,,3,3,0,0
1531,,,RG220,35,,3,3,0,0
1531,,,RG242,48,,3,3,0,0
1531,,,RG244,50,,3,3,0,0
1531,,,RG260,66,,3,3,0,0
1531,,,RG285,82,,3,3,0,0
1531,,,RG257,63,,3,3,0,0
1531,,,RG259,65,,3,3,0,0
1531,,,RG270,67,,3,3,0,0
1531,,,RG036,5,,3,3,0,0
1531,,,RG204,20,,3,3,0,0
1531,,,RG209,25,,3,3,0,0
1531,,,RG211,27,,3,3,0,0
1531,,,RG219,34,,3,3,0,0
1531,,,RG278,75,,3,3,0,0
1531,,,RG280,77,,3,3,0,0
1531,,,RG032,1,,3,3,0,0
1531,,,RG035,4,,3,3,0,0
1531,,,RG218,33,,3,3,0,0
1531,,,RG279,76,,3,3,0,0
1531,,,RG286,83,,3,3,0,0
1531,,,RG116,10,,3,3,0,0
1531,,,RG201,18,,3,3,0,0
1531,,,RG202,19,,3,3,0,0
1531,,,RG233,47,,3,3,0,0
1531,,,RG248,54,,3,3,0,0
1531,,,RG034,3,,3,3,0,0
1531,,,RG206,22,,3,3,0,0
1531,,,RG215,30,,3,3,0,0
1531,,,RG237,44,,3,3,0,0
1531,,,RG272,69,,3,3,0,0
1531,,,RG254,60,,3,3,0,0
1531,,,RG033,2,,3,3,0,0
1531,,,RG038,7,,3,3,0,0
1531,,,RG039,8,,3,3,0,0
1531,,,RG200,17,,3,3,0,0
1531,,,RG232,40,,3,3,0,0
1531,,,RG247,53,,3,3,0,0
1531,,,RG250,56,,3,3,0,0
1531,,,RG258,64,,3,3,0,0
1531,,,RG275,72,,3,3,0,0
1531,,,RG119,13,,3,3,0,0
1531,,,RG216,31,,3,3,0,0
1531,,,RG252,58,,3,3,0,0
1531,,,RG276,73,,3,3,0,0
1531,,,RG120,14,,3,3,0,0
1531,,,RG208,24,,3,3,0,0
1531,,,RG212,28,,3,3,0,0
1531,,,RG273,70,,3,3,0,0
1531,,,RG274,71,,3,3,0,0
1531,,,RG240,46,,3,3,0,0
1531,,,RG117,11,,3,3,0,0
1531,,,RG121,15,,3,3,0,0
1531,,,RG207,23,,3,3,0,0
1531,,,RG221,36,,3,3,0,0
1531,,,RG231,39,,3,3,0,0
1531,,,RG235,42,,3,3,0,0
1531,,,RG236,43,,3,3,0,0
1531,,,RG245,51,,3,3,0,0
1531,,,RG246,52,,3,3,0,0
1531,,,RG284,81,,3,3,0,0
1531,,,RG115,9,,3,3,0,0
1531,,,RG122,16,,3,3,0,0
1531,,,RG205,21,,3,3,0,0
1531,,,RG223,38,,3,3,0,0
1531,,,RG234,41,,3,3,0,0
1531,,,RG243,49,,3,3,0,0
1531,,,RG283,80,,3,3,0,0
1531,,,RG213,29,,3,3,0,0
1531,,,RG249,55,,3,3,0,0
1531,,,RG251,57,,3,3,0,0
1531,,,RG253,59,,3,3,0,0
1531,,,RG118,12,,3,3,0,0
1531,,,RG210,26,,3,3,0,0
1531,,,RG255,61,,3,3,0,0
1531,,,RG277,74,,3,3,0,0
1531,,,RG282,79,,3,3,0,0
1531,,,RG217,32,,3,3,0,0
1531,,,RG281,78,,3,3,0,0
